Car{(-10.22868, 0, 1.41838), Rotation:0}
Polygon0{
	(-13.8, 1.5, -0.5)
	(-13.1, 1.5, 15.0)
	(-2.7, 1.5, 29.8)
	(23.0, 1.5, 35.5)
	(57.4, 1.5, 34.2)
	(57.4, 1.5, 26.4)
	(77.1, 1.5, 24.5)
	(91.3, 1.5, 6.9)
	(90.9, 1.5, -24.5)
	(65.2, 1.5, -42.9)
	(8.3, 1.5, -43.3)
	(-15.9, 1.5, -22.3)
	(-13.8, 1.5, -0.5)
}
Polygon1{
	(-4.4, 1.5, -3.0)
	(-4.6, 1.5, 13.7)
	(4.3, 1.5, 23.1)
	(24.7, 1.5, 26.8)
	(73.6, 1.5, 19.8)
	(84.0, 1.5, 4.2)
	(81.6, 1.5, -21.0)
	(60.6, 1.5, -35.1)
	(11.1, 1.5, -36.3)
	(-7.0, 1.5, -17.8)
	(-4.4, 1.5, -3.0)
}
