version 2
run Tictoc13-0-20190910-14:52:40-7336
attr configname Tictoc13
attr datetime 20190910-14:52:40
attr experiment Tictoc13
attr inifile omnetpp.ini
attr iterationvars ""
attr iterationvarsf ""
attr measurement ""
attr network Tictoc13
attr processid 7336
attr repetition 0
attr replication #0
attr resultdir results
attr runnumber 0
attr seedset 0

vector 0 Tictoc13.tic[4] "" ETV
vector 1 Tictoc13.tic[1] "" ETV
vector 2 Tictoc13.tic[3] "" ETV
vector 3 Tictoc13.tic[0] "" ETV
vector 4 Tictoc13.tic[2] "" ETV
vector 5 Tictoc13.tic[5] "" ETV
0	16	0.6	0.1
0	21	0.7	0.2
0	102	1.6	0.1
0	124	1.9	0.9
0	171	2.3	0.8
0	246	2.9	0.4
0	278	3.1	0.1
0	280	3.1	0.1
0	282	3.1	0.1
0	493	5.1	0.6
0	553	5.6	0.1
0	607	6.1	0.1
0	609	6.1	0.1
0	628	6.4	0.9
0	772	7.4	0.4
0	1221	10.7	1.2
0	1383	11.9	0.9
0	1420	12.1	0.6
0	1455	12.3	0.3
0	1508	12.6	0.1
0	1597	13.2	0.2
0	1744	14.1	0.1
0	1746	14.1	0.1
0	1865	15.1	0.6
0	1869	15.1	0.1
0	1919	15.7	0.2
0	1925	15.8	3.8
1	31	0.9	0.4
1	50	1.1	0.1
1	152	2.1	0.1
1	213	2.6	0.1
1	277	3.1	0.1
1	337	3.6	0.1
1	339	3.6	0.1
1	350	3.7	0.2
1	402	4.2	0.2
1	444	4.6	0.1
1	495	5.1	0.1
1	499	5.1	0.1
1	548	5.6	0.1
1	562	5.7	0.2
1	697	6.9	0.4
1	732	7.1	0.1
1	810	7.6	0.1
1	837	7.8	0.8
1	897	8.2	0.2
1	960	8.7	0.2
1	1008	9.1	0.6
1	1009	9.1	0.1
1	1171	10.3	0.3
1	1310	11.4	1.4
1	1422	12.1	0.6
1	1470	12.4	0.4
1	1521	12.7	0.2
1	1640	13.5	0.5
1	1741	14.1	0.1
1	1818	14.6	0.1
1	1866	15.1	0.1
1	1868	15.1	0.1
2	54	1.1	0.1
2	72	1.4	0.9
2	114	1.7	0.2
2	186	2.4	0.4
2	352	3.7	0.2
2	412	4.3	0.3
2	432	4.5	0.5
2	490	5.1	2.1
2	629	6.4	0.9
2	815	7.7	1.7
2	834	7.8	0.8
2	841	7.8	0.3
2	940	8.6	1.1
2	943	8.6	0.6
2	994	9	0.5
2	1054	9.5	0.5
2	1180	10.4	0.9
2	1285	11.2	1.7
2	1296	11.2	0.2
2	1481	12.5	1.5
2	1745	14.1	0.1
2	1777	14.4	1.9
2	1779	14.4	1.4
2	1813	14.6	0.6
2	1927	15.8	0.8
2	1935	15.9	0.4
3	71	1.4	0.9
3	109	1.7	0.7
3	117	1.8	0.8
3	236	2.8	0.3
3	261	3	0.5
3	331	3.6	1.6
3	407	4.3	0.8
3	411	4.3	0.3
3	461	4.8	1.3
3	496	5.1	0.1
3	543	5.6	1.1
3	576	5.9	0.9
3	600	6.1	1.1
3	611	6.2	1.2
3	724	7.1	1.1
3	836	7.8	0.8
3	842	7.8	0.3
3	907	8.3	0.3
3	1023	9.2	0.2
3	1048	9.5	2.5
3	1102	9.9	0.9
3	1177	10.4	0.9
3	1182	10.4	0.4
3	1348	11.6	0.1
3	1435	12.2	1.2
3	1442	12.2	0.2
3	1478	12.5	2.5
3	1572	13.1	1.6
3	1608	13.3	0.8
3	1616	13.4	1.9
3	1648	13.6	6.1
3	1786	14.4	0.9
3	1810	14.6	1.1
3	1826	14.7	0.2
3	1836	14.8	0.3
3	1839	14.9	1.9
3	1854	15	0.5
3	1855	15	0.5
3	1907	15.6	0.6
3	1921	15.7	0.2
3	1937	15.9	0.4
4	126	1.9	0.4
4	219	2.7	1.7
4	224	2.7	0.7
4	293	3.3	1.8
4	334	3.6	1.1
4	344	3.7	1.7
4	346	3.7	1.2
4	353	3.8	2.3
4	431	4.5	0.5
4	443	4.6	0.6
4	564	5.8	3.8
4	565	5.8	2.8
4	679	6.8	0.8
4	746	7.2	0.7
4	764	7.4	2.9
4	885	8.2	1.7
4	970	8.8	0.3
4	974	8.9	2.4
4	992	9	1
4	1033	9.3	0.3
4	1097	9.8	0.3
4	1153	10.2	0.2
4	1170	10.3	0.3
4	1213	10.6	0.1
4	1225	10.7	0.2
4	1259	11	1.5
4	1524	12.8	2.3
4	1555	13	2
4	1665	13.7	1.7
4	1778	14.4	1.4
4	1862	15.1	3.6
5	178	2.4	1.9
5	448	4.6	0.1
5	456	4.7	0.2
5	739	7.2	1.7
5	830	7.8	1.3
5	871	8.1	2.1
5	902	8.3	0.8
5	906	8.3	0.3
5	963	8.8	2.3
5	1091	9.8	0.8
5	1160	10.3	2.3
5	1205	10.6	2.1
5	1247	10.9	0.4
5	1257	11	2.5
5	1312	11.4	0.9
5	1317	11.4	0.4
5	1368	11.8	1.3
5	1543	12.9	0.9
5	1578	13.1	0.6
5	1620	13.4	0.9
5	1738	14.1	0.6
5	1774	14.3	0.3
5	1780	14.4	1.4
5	1782	14.4	0.9
5	1811	14.6	1.1

