Car{(-88.54096, 0, -13.89076), Rotation:0}
Polygon0{
	(-260.0, 0.0, 105.0)
	(-260.0, 1.5, 105.0)
	(-260.0, 1.5, -180.0)
	(70.0, 1.5, -180.0)
	(70.0, 1.5, 110.0)
	(-255.0, 1.5, 110.0)
	(-260.0, 1.5, 110.0)
	(-260.0, 1.5, 105.0)
}
Polygon1{
	(-205.0, 0.0, 30.0)
	(-205.0, 1.5, 30.0)
	(-205.0, 1.5, 20.0)
	(-200.0, 1.5, 20.0)
	(-200.0, 1.5, 45.0)
	(-200.0, 1.5, 45.0)
	(-205.0, 1.5, 45.0)
	(-205.0, 1.5, 30.0)
	(-205.0, 1.5, 30.0)
}
Polygon2{
	(-40.0, 0.0, -105.0)
	(-40.0, 1.5, -105.0)
	(-40.0, 1.5, -110.0)
	(-35.0, 1.5, -110.0)
	(-35.0, 1.5, -105.0)
	(-40.0, 1.5, -105.0)
}
Polygon3{
	(-145.0, 0.0, -75.0)
	(-145.0, 1.5, -75.0)
	(-150.0, 1.5, -75.0)
	(-150.0, 1.5, -85.0)
	(-145.0, 1.5, -85.0)
	(-145.0, 1.5, -75.0)
}
Polygon4{
	(10.0, 0.0, 20.0)
	(10.0, 1.5, 20.0)
	(-10.0, 1.5, 20.0)
	(-10.0, 1.5, 0.0)
	(0.0, 1.5, 0.0)
	(0.0, 1.5, 10.0)
	(10.0, 1.5, 10.0)
	(10.0, 1.5, 20.0)
}
Polygon5{
	(-105.0, 0.0, 25.0)
	(-105.0, 1.5, 25.0)
	(-105.0, 1.5, 15.0)
	(-90.0, 1.5, 15.0)
	(-90.0, 1.5, 25.0)
	(-105.0, 1.5, 25.0)
}
Polygon6{
	(-195.0, 0.0, -35.0)
	(-195.0, 1.5, -35.0)
	(-215.0, 1.5, -35.0)
	(-215.0, 1.5, -55.0)
	(-190.0, 1.5, -55.0)
	(-190.0, 1.5, -35.0)
	(-195.0, 1.5, -35.0)
}
Polygon7{
	(-95.0, 0.0, -40.0)
	(-95.0, 1.5, -40.0)
	(-95.0, 1.5, -75.0)
	(-90.0, 1.5, -75.0)
	(-90.0, 1.5, -45.0)
	(-55.0, 1.5, -45.0)
	(-55.0, 1.5, -35.0)
	(-95.0, 1.5, -35.0)
	(-95.0, 1.5, -40.0)
}
Polygon8{
	(-175.0, 0.0, -115.0)
	(-175.0, 1.5, -115.0)
	(-180.0, 1.5, -115.0)
	(-180.0, 1.5, -125.0)
	(-175.0, 1.5, -125.0)
	(-175.0, 1.5, -115.0)
}
Polygon9{
	(-200.0, 2.9, 15.0)
	(-200.0, 1.5, 15.0)
	(-160.0, 1.5, 15.0)
	(-160.0, 1.5, 65.0)
	(-200.0, 1.5, 65.0)
	(-200.0, 1.5, 15.0)
}
Polygon10{
	(-145.0, 0.0, 15.0)
	(-145.0, 1.5, 15.0)
	(-145.0, 1.5, 65.0)
	(-105.0, 1.5, 65.0)
	(-105.0, 1.5, 15.0)
	(-145.0, 1.5, 15.0)
}
Polygon11{
	(25.0, 0.0, -75.0)
	(25.0, 1.5, -75.0)
	(15.0, 1.5, -75.0)
	(15.0, 1.5, -85.0)
	(25.0, 1.5, -85.0)
	(25.0, 1.5, -75.0)
}
Polygon12{
	(-115.0, 0.0, -115.0)
	(-115.0, 1.5, -115.0)
	(-115.0, 1.5, -130.0)
	(-95.0, 1.5, -130.0)
	(-95.0, 1.5, -115.0)
	(-115.0, 1.5, -115.0)
}
Polygon13{
	(-35.0, 0.0, 100.0)
	(-35.0, 1.5, 100.0)
	(-35.0, 1.5, 90.0)
	(-30.0, 1.5, 90.0)
	(-20.0, 1.5, 90.0)
	(-20.0, 1.5, 100.0)
	(-35.0, 1.5, 100.0)
}
Polygon14{
	(-260.0, 0.0, 95.0)
	(-260.0, 1.5, 95.0)
	(-240.0, 1.5, 95.0)
	(-240.0, 1.5, 110.0)
	(-255.0, 1.5, 110.0)
	(-255.0, 1.5, 110.0)
	(-255.0, 1.5, 110.0)
	(-255.0, 1.5, 95.0)
	(-260.0, 1.5, 95.0)
}
Polygon15{
	(30.0, 0.0, -125.0)
	(30.0, 1.5, -125.0)
	(20.0, 1.5, -125.0)
	(20.0, 1.5, -130.0)
	(30.0, 1.5, -130.0)
	(30.0, 1.5, -125.0)
}
Polygon16{
	(-55.0, 0.0, -135.0)
	(-55.0, 1.5, -135.0)
	(-55.0, 1.5, -150.0)
	(-30.0, 1.5, -150.0)
	(-30.0, 1.5, -130.0)
	(-55.0, 1.5, -130.0)
	(-55.0, 1.5, -135.0)
}
Polygon17{
	(-240.0, 0.0, -120.0)
	(-240.0, 1.5, -120.0)
	(-240.0, 1.5, -145.0)
	(-230.0, 1.5, -145.0)
	(-230.0, 1.5, -115.0)
	(-240.0, 1.5, -115.0)
	(-240.0, 1.5, -120.0)
}
Polygon18{
	(50.0, 0.0, 75.0)
	(50.0, 1.5, 75.0)
	(35.0, 1.5, 75.0)
	(35.0, 1.5, 55.0)
	(50.0, 1.5, 55.0)
	(50.0, 1.5, 75.0)
}
