Car{(-2.927617, 0, 13.36518), Rotation:0}
Polygon0{
	(-10.0, 0.0, 5.0)
	(-10.0, 1.5, 5.0)
	(-10.0, 1.5, 80.0)
	(-100.0, 1.5, 80.0)
	(-100.0, 1.5, -35.0)
	(-10.0, 1.5, -35.0)
	(-10.0, 1.5, 5.0)
}
Polygon0{
	(5.0, 0.0, -35.0)
	(5.0, 1.5, -35.0)
	(5.0, 1.5, 190.0)
	(130.0, 1.5, 190.0)
	(130.0, 1.5, 115.0)
	(30.0, 1.5, 115.0)
	(30.0, 1.5, -35.0)
	(125.0, 1.5, -35.0)
	(130.0, 1.5, -35.0)
	(130.0, 1.5, -90.0)
	(5.0, 1.5, -90.0)
	(5.0, 1.5, -35.0)
}
Polygon0{
	(-10.0, 0.0, -50.0)
	(-10.0, 1.5, -50.0)
	(-135.0, 1.5, -50.0)
	(-135.0, 1.5, -90.0)
	(-10.0, 1.5, -90.0)
	(-10.0, 1.5, -50.0)
}
Polygon1{
	(-135.0, 0.0, -105.0)
	(-135.0, 1.5, -105.0)
	(65.0, 1.5, -105.0)
	(65.0, 1.5, -145.0)
	(-155.0, 1.5, -145.0)
	(-155.0, 1.5, -105.0)
	(-135.0, 1.5, -105.0)
	(-135.0, 1.5, -105.0)
}
Polygon1{
	(80.0, 0.0, -105.0)
	(80.0, 1.5, -105.0)
	(80.0, 1.5, -185.0)
	(215.0, 1.5, -185.0)
	(215.0, 1.5, 35.0)
	(45.0, 1.5, 35.0)
	(45.0, 1.5, -20.0)
	(145.0, 1.5, -20.0)
	(145.0, 1.5, -105.0)
	(80.0, 1.5, -105.0)
}
Polygon1{
	(-150.0, 0.0, -90.0)
	(-150.0, 1.5, -90.0)
	(-150.0, 1.5, 10.0)
	(-225.0, 1.5, 10.0)
	(-225.0, 1.5, 80.0)
	(-210.0, 1.5, 80.0)
	(-210.0, 1.5, 25.0)
	(-150.0, 1.5, 25.0)
	(-115.0, 1.5, 25.0)
	(-115.0, 1.5, 80.0)
	(-135.0, 1.5, 80.0)
	(-135.0, 1.5, 40.0)
	(-195.0, 1.5, 40.0)
	(-195.0, 1.5, 95.0)
	(-115.0, 1.5, 95.0)
	(-10.0, 1.5, 95.0)
	(-10.0, 1.5, 135.0)
	(-245.0, 1.5, 135.0)
	(-245.0, 1.5, -85.0)
	(-245.0, 1.5, -90.0)
	(-150.0, 1.5, -90.0)
}
Polygon1{
	(-175.0, 0.0, 80.0)
	(-175.0, 1.5, 80.0)
	(-150.0, 1.5, 80.0)
	(-150.0, 1.5, 55.0)
	(-180.0, 1.5, 55.0)
	(-180.0, 1.5, 80.0)
	(-170.0, 1.5, 80.0)
	(-175.0, 1.5, 80.0)
}
Polygon2{
	(-135.0, 0.0, -30.0)
	(-135.0, 1.5, -30.0)
	(-135.0, 1.5, -35.0)
	(-115.0, 1.5, -35.0)
	(-115.0, 1.5, 10.0)
	(-135.0, 1.5, 10.0)
	(-135.0, 1.5, -30.0)
}
Polygon3{
	(45.0, 0.0, 95.0)
	(45.0, 1.5, 95.0)
	(45.0, 1.5, 55.0)
	(45.0, 1.5, 50.0)
	(215.0, 1.5, 50.0)
	(215.0, 1.5, 190.0)
	(215.0, 1.5, 255.0)
	(-20.0, 1.5, 255.0)
	(-35.0, 1.5, 255.0)
	(-35.0, 1.5, 175.0)
	(-290.0, 1.5, 175.0)
	(-290.0, 1.5, -185.0)
	(-260.0, 1.5, -185.0)
	(-260.0, 1.5, 150.0)
	(-10.0, 1.5, 150.0)
	(-10.0, 1.5, 205.0)
	(145.0, 1.5, 205.0)
	(145.0, 1.5, 95.0)
	(45.0, 1.5, 95.0)
}
Polygon3{
	(-245.0, 0.0, -105.0)
	(-245.0, 1.5, -105.0)
	(-245.0, 1.5, -185.0)
	(65.0, 1.5, -185.0)
	(65.0, 1.5, -160.0)
	(-165.0, 1.5, -160.0)
	(-170.0, 1.5, -160.0)
	(-170.0, 1.5, -105.0)
	(-245.0, 1.5, -105.0)
}
Polygon4{
	(-310.0, 0.0, -200.0)
	(-310.0, 1.5, -200.0)
	(235.0, 1.5, -200.0)
	(235.0, 1.5, 270.0)
	(235.0, 1.5, 275.0)
	(-310.0, 1.5, 275.0)
	(-310.0, 1.5, -200.0)
}
Polygon4{
	(-285.0, 0.0, 190.0)
	(-290.0, 1.5, 190.0)
	(-290.0, 1.5, 210.0)
	(-265.0, 1.5, 210.0)
	(-265.0, 1.5, 190.0)
	(-285.0, 1.5, 190.0)
}
Polygon5{
	(-290.0, 0.0, 225.0)
	(-290.0, 1.5, 225.0)
	(-265.0, 1.5, 225.0)
	(-265.0, 1.5, 260.0)
	(-290.0, 1.5, 260.0)
	(-290.0, 1.5, 225.0)
}
Polygon5{
	(-245.0, 0.0, 260.0)
	(-245.0, 1.5, 260.0)
	(-245.0, 1.5, 190.0)
	(-50.0, 1.5, 190.0)
	(-50.0, 1.5, 255.0)
	(-50.0, 1.5, 260.0)
	(-220.0, 1.5, 260.0)
	(-220.0, 1.5, 215.0)
	(-85.0, 1.5, 215.0)
	(-85.0, 1.5, 235.0)
	(-85.0, 1.5, 240.0)
	(-195.0, 1.5, 240.0)
	(-195.0, 1.5, 235.0)
	(-90.0, 1.5, 235.0)
	(-90.0, 1.5, 220.0)
	(-215.0, 1.5, 220.0)
	(-215.0, 1.5, 255.0)
	(-55.0, 1.5, 255.0)
	(-55.0, 1.5, 195.0)
	(-230.0, 1.5, 195.0)
	(-240.0, 1.5, 195.0)
	(-240.0, 1.5, 260.0)
	(-245.0, 1.5, 260.0)
}
